URL:
https://41qui76vqb.execute-api.us-east-1.amazonaws.com/Prod/correct/

Recibe: 

{
    "context":[[1.000742793083191, 0.9996715784072876, 1.001569151878357, 1.0018054246902466, 1.0016671419143677, 1.0019450187683105, 0.998054563999176, 1.0002171993255615, 0.9988600611686707, 1.000389814376831, 0.9997760057449341, 0.9989771246910095, 0.9997110962867737, 0.9987565279006958, 0.9982736110687256],
[1.4774914979934692, 0.9111853241920471, 1.1773895025253296, 1.2273932695388794, 1.304944396018982, 1.2613296508789062, 1.4432978630065918, 1.0256673097610474, 1.1050963401794434, 1.315762996673584, 1.2340658903121948, 1.3126338720321655, 1.332294225692749, 1.5293512344360352, 1.2061476707458496],
[1.479408621788025, 0.9906091094017029, 1.0518525838851929, 1.2275757789611816, 1.3668724298477173, 1.2813365459442139, 1.5200462341308594, 1.0821576118469238, 1.1868029832839966, 1.2784109115600586, 1.2641085386276245, 1.3053808212280273, 1.38461434841156, 1.5699454545974731, 1.2975572347640991], 
[1.4582303762435913, 0.9024561643600464, 0.7339437007904053, 1.113924264907837, 1.4294264316558838, 1.230083703994751, 1.5796993970870972, 1.0718868970870972, 1.1510422229766846, 1.1122139692306519, 1.209281086921692, 1.1904990673065186, 1.3819363117218018, 1.5236341953277588, 1.3103618621826172], 
[1.4007984399795532, 0.6146225333213806, 0.26031923294067383, 0.9262344837188721, 1.486162543296814, 1.1368252038955688, 1.4815691709518433, 0.9003814458847046, 0.9379774928092957, 0.783170223236084, 1.0275591611862183, 0.8491676449775696, 1.2871874570846558, 1.3740073442459106, 1.1718811988830566],
[1.3003976345062256, 0.1968403160572052, -0.11135146766901016, 0.8069597482681274, 1.53115713596344, 1.0995173454284668, 0.9935794472694397, 0.5254653692245483, 0.5605344772338867, 0.3452504575252533, 0.7124371528625488, 0.17949391901493073, 1.044548511505127, 1.062303900718689, 0.8202525973320007], 
[1.0718392133712769, -0.15334133803844452, -0.36155030131340027, 0.7067931890487671, 1.4654403924942017, 1.0384044647216797, 0.229491725564003, 0.06708723306655884, 0.12434788793325424, -0.12754814326763153, 0.3152547776699066, -0.527394711971283, 0.6766726970672607, 0.6040045619010925, 0.3511689603328705], 
[0.9691334962844849, 0.016008593142032623, -0.38382378220558167, 0.8270348310470581, 1.597253441810608, 1.1745474338531494, 0.029283558949828148, 0.25206828117370605, 0.17247465252876282, -0.18333259224891663, 0.2981543242931366, -0.6266679167747498, 0.6148427724838257, 0.32753321528434753, 0.2942262589931488],
[1.0283100605010986, 0.21551790833473206, -0.34551069140434265, 0.9719669818878174, 1.788077712059021, 1.3421704769134521, 0.0825091227889061, 0.5000828504562378, 0.3273792266845703, -0.1166943833231926, 0.39387670159339905, -0.5607107877731323, 0.6756448745727539, 0.2397627979516983, 0.3831934332847595], 
[1.009604573249817, 0.33305037021636963, -0.3051742911338806, 1.0007792711257935, 1.8063840866088867, 1.3652238845825195, 0.12216199189424515, 0.6268811225891113, 0.41139668226242065, -0.07472150772809982, 0.43919631838798523, -0.4913235604763031, 0.6881073117256165, 0.18904410302639008, 0.4338217079639435],
[0.9495749473571777, 0.3853835165500641, -0.27598509192466736, 0.9656133651733398, 1.7387217283248901, 1.3133504390716553, 0.13682420551776886, 0.6730509996414185, 0.43582388758659363, -0.05845620855689049, 0.4449617564678192, -0.4386914372444153, 0.667325496673584, 0.14921343326568604, 0.44442301988601685], 
[0.8618845343589783, 0.3724029064178467, -0.26836419105529785, 0.8684162497520447, 1.6010538339614868, 1.1935350894927979, 0.145536407828331, 0.6481112241744995, 0.41090208292007446, -0.06615807861089706, 0.4181149899959564, -0.3982260823249817, 0.6227821111679077, 0.12782056629657745, 0.4280756711959839],
[0.7724784016609192, 0.35192108154296875, -0.2543196380138397, 0.7732954025268555, 1.4552819728851318, 1.0725126266479492, 0.1357826441526413, 0.6058741807937622, 0.3794775903224945, -0.0763743594288826, 0.3852742612361908, -0.36972370743751526, 0.5714927911758423, 0.1077851802110672, 0.40395012497901917],
[0.7153894901275635, 0.38345867395401, -0.1973382979631424, 0.7646845579147339, 1.3775166273117065, 1.03700852394104, 0.0748552605509758, 0.592882513999939, 0.37915554642677307, -0.0668676495552063, 0.37192094326019287, -0.366563081741333, 0.5313540101051331, 0.07126898318529129, 0.3810454308986664],
[0.6926981210708618, 0.517159104347229, -0.07948217540979385, 0.8923095464706421, 1.4113733768463135, 1.1377835273742676, -0.0388842411339283, 0.6502115726470947, 0.4128456115722656, -0.02503526210784912, 0.39292988181114197, -0.37595534324645996, 0.5196496844291687, 0.011376053094863892, 0.3465280830860138],
[0.713929295539856, 0.7417731881141663, 0.07480351626873016, 1.1250717639923096, 1.5615686178207397, 1.3539224863052368, -0.13208827376365662, 0.7917413711547852, 0.4878573417663574, 0.05696462094783783, 0.45842471718788147, -0.36972951889038086, 0.5590714812278748, -0.03281077370047569, 0.32865196466445923],
[0.8032815456390381, 0.9635248184204102, 0.13387516140937805, 1.3263554573059082, 1.7601367235183716, 1.5621044635772705, -0.12598973512649536, 0.9463667869567871, 0.6725835204124451, 0.1305934488773346, 0.5625343322753906, -0.37266024947166443, 0.6521061658859253, -0.010759812779724598, 0.4526059329509735], 
[0.646269679069519, 1.0254961252212524, -0.1331835240125656, 1.0568374395370483, 1.5997183322906494, 1.3073546886444092, 0.045186929404735565, 1.009503722190857, 0.8115009665489197, 0.003664761781692505, 0.5529764890670776, -0.335338830947876, 0.6365962624549866, -0.029980842024087906, 0.6463766098022461], 
[0.3470061421394348, 1.1466480493545532, -0.4213254153728485, 0.4786965847015381, 1.109578013420105, 0.7006587982177734, 0.509757936000824, 1.1379915475845337, 1.1770613193511963, -0.07887911051511765, 0.580251932144165, -0.1303863525390625, 0.5740319490432739, -0.04405377060174942, 1.1021580696105957],
[0.17166776955127716, 1.4143840074539185, -0.48483791947364807, 0.07988105714321136, 0.6860402226448059, 0.23514744639396667, 1.058666467666626, 1.3800255060195923, 1.674445629119873, 0.020138204097747803, 0.7382186651229858, 0.2866361141204834, 0.607856273651123, 0.04722387343645096, 1.6436302661895752], 
[0.11571116745471954, 1.5107406377792358, -0.41405972838401794, 0.010579898953437805, 0.5854454636573792, 0.14171379804611206, 1.3094615936279297, 1.5479763746261597, 1.6746309995651245, 0.15332046151161194, 0.8154371976852417, 0.6613249182701111, 0.6771827936172485, 0.12070482224225998, 1.6668579578399658], 
[0.06417185068130493, 1.3159418106079102, -0.3845219612121582, -0.006275975611060858, 0.5863751173019409, 0.1425797939300537, 1.371790885925293, 1.5367883443832397, 1.1871259212493896, 0.1779274046421051, 0.744722843170166, 0.940804660320282, 0.7153220176696777, 0.16529624164104462, 1.250572919845581],
[-0.019559815526008606, 1.038398265838623, -0.4270557463169098, -0.07347945123910904, 0.5322089195251465, 0.08073659986257553, 1.354824185371399, 1.4087629318237305, 0.6608828902244568, 0.1101839542388916, 0.6100884675979614, 1.0817457437515259, 0.699311375617981, 0.18723885715007782, 0.8101707696914673], 
[-0.10016967356204987, 0.7741873860359192, -0.5443556308746338, -0.19005322456359863, 0.4416970908641815, -0.03220487758517265, 1.2983503341674805, 1.2457319498062134, 0.2890624403953552, -0.020943868905305862, 0.4619767367839813, 1.0645447969436646, 0.6308587193489075, 0.1500115692615509, 0.5107806921005249],
[-0.14997918903827667, 0.6085242629051208, -0.6567597389221191, -0.2808670997619629, 0.3837398290634155, -0.10587426275014877, 1.2562775611877441, 1.1422890424728394, 0.10711383074522018, -0.11145126819610596, 0.3632720410823822, 0.9989823698997498, 0.568128764629364, 0.08971893042325974, 0.36915192008018494]]
}





Regresa:
{
    "Preds": [
        [
            0.3021727502346039,
            0.018735377117991447,
            -0.8303602337837219,
            0.007177665829658508,
            -0.16663692891597748,
            -0.05577756091952324,
            1.021462321281433,
            -0.44802752137184143,
            0.9833903908729553,
            0.9734741449356079,
            0.02774791233241558,
            1.1578022241592407,
            0.16558662056922913,
            0.6901488304138184,
            0.3115738034248352
        ],
        [
            0.6906972527503967,
            -0.3051896393299103,
            -1.1184505224227905,
            -0.003281462239101529,
            -0.0718614012002945,
            -0.021395480260252953,
            1.4906280040740967,
            -0.7161057591438293,
            1.09376859664917,
            1.2436548471450806,
            0.039009883999824524,
            1.4218178987503052,
            0.32761716842651367,
            1.1530476808547974,
            0.3974512219429016
        ],
        [
            0.6094356775283813,
            -0.3347914218902588,
            -1.2350292205810547,
            -0.1288524568080902,
            -0.008522788062691689,
            -0.0891570895910263,
            1.4400944709777832,
            -0.632686197757721,
            0.9235461354255676,
            0.847038209438324,
            0.033457085490226746,
            1.0890734195709229,
            0.395001083612442,
            1.148901343345642,
            0.46654799580574036
        ],
        [
            0.8334659337997437,
            -0.5104197263717651,
            -1.2373214960098267,
            0.00615943968296051,
            0.3680458962917328,
            0.15823853015899658,
            1.1927598714828491,
            -0.655187726020813,
            0.7392160296440125,
            0.578474760055542,
            0.0199971254914999,
            0.5416650772094727,
            0.46029308438301086,
            1.1289469003677368,
            0.4272659420967102
        ],
        [
            1.0367071628570557,
            -0.6734693646430969,
            -0.9571939706802368,
            0.29358363151550293,
            0.7995843291282654,
            0.5331052541732788,
            0.5652808547019958,
            -0.6448399424552917,
            0.4022754430770874,
            0.16891886293888092,
            -0.003340939525514841,
            -0.2789117395877838,
            0.44760528206825256,
            0.9285356998443604,
            0.29818862676620483
        ],
        [
            1.018423318862915,
            -0.6363517642021179,
            -0.7256218791007996,
            0.4984314441680908,
            1.0149974822998047,
            0.7642297744750977,
            0.10098973661661148,
            -0.5366935729980469,
            0.1830710768699646,
            -0.06011480093002319,
            -0.017224324867129326,
            -0.6585676074028015,
            0.3938141167163849,
            0.6605388522148132,
            0.1522407829761505
        ],
        [
            0.7683230042457581,
            -0.39788591861724854,
            -0.7367121577262878,
            0.4793322682380676,
            0.9966063499450684,
            0.7419053316116333,
            -0.008813994005322456,
            -0.30365562438964844,
            0.22578486800193787,
            -0.14170145988464355,
            -0.02011776529252529,
            -0.654520571231842,
            0.3134400546550751,
            0.3322864770889282,
            0.1350259780883789
        ],
        [
            0.6641638875007629,
            -0.2707267999649048,
            -0.8577980399131775,
            0.41702768206596375,
            0.969049334526062,
            0.6852359771728516,
            0.07457946985960007,
            -0.177108034491539,
            0.3957577049732208,
            -0.1181853786110878,
            -0.01678018644452095,
            -0.5563151240348816,
            0.2625042498111725,
            0.1526658833026886,
            0.21098099648952484
        ],
        [
            0.5424355864524841,
            -0.21630720794200897,
            -0.9077132344245911,
            0.2334488034248352,
            0.8128111362457275,
            0.49007102847099304,
            0.1983153074979782,
            -0.11016762256622314,
            0.46451276540756226,
            -0.12893584370613098,
            -0.01234724372625351,
            -0.44609472155570984,
            0.22526834905147552,
            0.08612507581710815,
            0.295983225107193
        ],
        [
            0.42386531829833984,
            -0.20128050446510315,
            -0.8866468667984009,
            0.01686708629131317,
            0.6002557277679443,
            0.24809065461158752,
            0.2858288884162903,
            -0.09220057725906372,
            0.47854480147361755,
            -0.16842983663082123,
            -0.008006078191101551,
            -0.3823208212852478,
            0.1904142200946808,
            0.08053426444530487,
            0.3871006965637207
        ],
        [
            0.33262428641319275,
            -0.18851879239082336,
            -0.8267152905464172,
            -0.11005721241235733,
            0.42363399267196655,
            0.0649729073047638,
            0.3053436875343323,
            -0.09159590303897858,
            0.4878883361816406,
            -0.20403237640857697,
            -0.004957273602485657,
            -0.36681410670280457,
            0.15126504004001617,
            0.07180856168270111,
            0.4589632749557495
        ],
        [
            0.2385282814502716,
            -0.12280678004026413,
            -0.7560636401176453,
            -0.15167628228664398,
            0.32164549827575684,
            -0.011563790030777454,
            0.24349893629550934,
            -0.05607123300433159,
            0.5110911130905151,
            -0.2285548895597458,
            -0.004246573895215988,
            -0.37923771142959595,
            0.09989981353282928,
            -0.007801753468811512,
            0.4866885542869568
        ],
        [
            0.0810585543513298,
            0.05762891471385956,
            -0.6870434880256653,
            -0.10829794406890869,
            0.30458852648735046,
            0.017593488097190857,
            0.10439466685056686,
            0.09909415245056152,
            0.515149712562561,
            -0.24684254825115204,
            -0.007455320097506046,
            -0.37168702483177185,
            0.0335724875330925,
            -0.18263645470142365,
            0.4231468737125397
        ],
        [
            -0.008454692550003529,
            0.2632824778556824,
            -0.6595020890235901,
            0.03528629243373871,
            0.43357330560684204,
            0.19324785470962524,
            -0.031115246936678886,
            0.3010913133621216,
            0.5161645412445068,
            -0.2198694795370102,
            -0.013331989757716656,
            -0.3511727452278137,
            -0.012339754961431026,
            -0.3960474133491516,
            0.2935059368610382
        ],
        [
            0.04379298537969589,
            0.3936655819416046,
            -0.7547699809074402,
            0.2840718924999237,
            0.6837738752365112,
            0.47379109263420105,
            -0.08363307267427444,
            0.4246904253959656,
            0.6233530640602112,
            -0.13181741535663605,
            -0.01717592589557171,
            -0.33540332317352295,
            -0.019361747428774834,
            -0.5426871180534363,
            0.20599119365215302
        ],
        [
            0.0020233914256095886,
            0.4577011168003082,
            -0.8838729858398438,
            0.25779369473457336,
            0.7407898902893066,
            0.47855105996131897,
            -0.00636742589995265,
            0.5571815967559814,
            0.6659287810325623,
            -0.13024622201919556,
            -0.01724270172417164,
            -0.25534018874168396,
            -0.017749560996890068,
            -0.6304022073745728,
            0.2058885097503662
        ],
        [
            -0.11507375538349152,
            0.5010381937026978,
            -0.9419681429862976,
            -0.005175549071282148,
            0.5398410558700562,
            0.20740574598312378,
            0.16656310856342316,
            0.6669832468032837,
            0.7155019640922546,
            -0.1617528796195984,
            -0.012097231112420559,
            -0.12074016779661179,
            -0.052827030420303345,
            -0.6974389553070068,
            0.30994531512260437
        ],
        [
            -0.33557114005088806,
            0.5999965667724609,
            -0.9926924109458923,
            -0.39397940039634705,
            0.01619807258248329,
            -0.28220197558403015,
            0.5207180380821228,
            0.7269010543823242,
            0.8769977688789368,
            -0.12563680112361908,
            0.00313662551343441,
            0.27600884437561035,
            -0.11741022020578384,
            -0.6884590983390808,
            0.5270691514015198
        ],
        [
            -0.45634937286376953,
            0.625275731086731,
            -1.0927609205245972,
            -0.648438572883606,
            -0.294818252325058,
            -0.5873257517814636,
            0.8954204320907593,
            0.6683828830718994,
            0.9601840376853943,
            -0.031611498445272446,
            0.018086174502968788,
            0.729102611541748,
            -0.10481631010770798,
            -0.5205574035644531,
            0.6375939249992371
        ],
        [
            -0.4652675688266754,
            0.520902693271637,
            -1.1505107879638672,
            -0.7305534482002258,
            -0.39751753211021423,
            -0.6841170191764832,
            1.1608755588531494,
            0.5600736141204834,
            0.7933256030082703,
            0.05553683266043663,
            0.021069562062621117,
            1.0729578733444214,
            -0.017735524103045464,
            -0.272662490606308,
            0.5405759811401367
        ],
        [
            -0.44777947664260864,
            0.4022548794746399,
            -1.1672528982162476,
            -0.7306935787200928,
            -0.3854185938835144,
            -0.6757699847221375,
            1.296804428100586,
            0.4996216297149658,
            0.5347892642021179,
            0.0841422975063324,
            0.017196355387568474,
            1.2723110914230347,
            0.09188438206911087,
            -0.08785076439380646,
            0.3660668432712555
        ],
        [
            -0.4273691773414612,
            0.28926095366477966,
            -1.1761947870254517,
            -0.7275145053863525,
            -0.33976471424102783,
            -0.6527706384658813,
            1.3610718250274658,
            0.4725109934806824,
            0.29325729608535767,
            0.04465329274535179,
            0.011882638558745384,
            1.3433953523635864,
            0.18504594266414642,
            0.04498378187417984,
            0.22418677806854248
        ],
        [
            -0.42333975434303284,
            0.1791180968284607,
            -1.1972897052764893,
            -0.7847191095352173,
            -0.3211376667022705,
            -0.6856908798217773,
            1.4116926193237305,
            0.46675795316696167,
            0.1046881452202797,
            -0.05401773378252983,
            0.008263582363724709,
            1.3215149641036987,
            0.2511850595474243,
            0.14661891758441925,
            0.16993993520736694
        ],
        [
            -0.416206032037735,
            0.11827381700277328,
            -1.2237008810043335,
            -0.8157200813293457,
            -0.2928984761238098,
            -0.6964287161827087,
            1.4349466562271118,
            0.48064863681793213,
            0.013415239751338959,
            -0.11407363414764404,
            0.0059800464659929276,
            1.2847473621368408,
            0.28387877345085144,
            0.17422640323638916,
            0.1506219357252121
        ],
        [
            -0.36407220363616943,
            0.05001472681760788,
            -1.2271829843521118,
            -0.776689350605011,
            -0.19988739490509033,
            -0.6311783194541931,
            1.3786896467208862,
            0.4818200469017029,
            -0.03933340311050415,
            -0.16397713124752045,
            0.0020192135125398636,
            1.1575955152511597,
            0.30457383394241333,
            0.16394750773906708,
            0.12417613714933395
        ],
        [
            -0.18858309090137482,
            -0.08535448461771011,
            -1.2174831628799438,
            -0.6142988204956055,
            0.05940408632159233,
            -0.4160601794719696,
            1.1878788471221924,
            0.4128609299659729,
            -0.0815565213561058,
            -0.23718421161174774,
            -0.0046709501184523106,
            0.7860974669456482,
            0.340619832277298,
            0.1544807106256485,
            0.09618224948644638
        ],
        [
            0.1969253420829773,
            -0.2628777027130127,
            -1.2073150873184204,
            -0.2517509162425995,
            0.6369739770889282,
            0.03437316417694092,
            0.826168954372406,
            0.281406044960022,
            -0.03980660438537598,
            -0.2772970199584961,
            -0.014776895754039288,
            0.15029175579547882,
            0.3670072555541992,
            0.08149342238903046,
            0.07602646201848984
        ],
        [
            0.7041149735450745,
            -0.36575955152511597,
            -1.1620548963546753,
            0.41119372844696045,
            1.4064759016036987,
            0.862729549407959,
            0.31599825620651245,
            0.20257191359996796,
            0.07823767513036728,
            -0.21131372451782227,
            -0.029587388038635254,
            -0.40997114777565,
            0.3573370575904846,
            -0.11960351467132568,
            -0.03707807511091232
        ],
        [
            1.0225753784179688,
            -0.31882232427597046,
            -1.1165282726287842,
            1.0590684413909912,
            1.9408457279205322,
            1.5425876379013062,
            -0.059634920209646225,
            0.1592102348804474,
            0.264021635055542,
            -0.04455133527517319,
            -0.03868403658270836,
            -0.6681161522865295,
            0.3291364908218384,
            -0.2701210677623749,
            -0.15341223776340485
        ],
        [
            1.042637586593628,
            -0.1976011097431183,
            -1.0908228158950806,
            1.3077287673950195,
            2.0596272945404053,
            1.769616961479187,
            -0.17599956691265106,
            0.1709005981683731,
            0.36921387910842896,
            0.06715516746044159,
            -0.0407867506146431,
            -0.6771937012672424,
            0.30805715918540955,
            -0.33024898171424866,
            -0.21209566295146942
        ],
        [
            0.9568607807159424,
            -0.1203157901763916,
            -1.0494033098220825,
            1.3029372692108154,
            1.9991954565048218,
            1.7415968179702759,
            -0.217520073056221,
            0.21035268902778625,
            0.3784247636795044,
            0.05575420334935188,
            -0.040848445147275925,
            -0.6674639582633972,
            0.28292784094810486,
            -0.3680737018585205,
            -0.21736477315425873
        ],
        [
            0.8643194437026978,
            -0.08599139750003815,
            -1.007799506187439,
            1.2079434394836426,
            1.8883662223815918,
            1.628381609916687,
            -0.21679042279720306,
            0.2469191551208496,
            0.3572995066642761,
            0.013721633702516556,
            -0.03995746374130249,
            -0.6450562477111816,
            0.25791192054748535,
            -0.3928799629211426,
            -0.20163090527057648
        ],
        [
            0.7190957069396973,
            -0.06799149513244629,
            -0.9385935068130493,
            1.0093094110488892,
            1.6833552122116089,
            1.4029697179794312,
            -0.18411612510681152,
            0.28820115327835083,
            0.27989625930786133,
            -0.053396761417388916,
            -0.03825707361102104,
            -0.5904173254966736,
            0.23081021010875702,
            -0.3988207280635834,
            -0.17862115800380707
        ],
        [
            0.5027854442596436,
            -0.0800742655992508,
            -0.8391109704971313,
            0.6458889245986938,
            1.3383122682571411,
            1.0025392770767212,
            -0.1043255478143692,
            0.3255167305469513,
            0.13729533553123474,
            -0.17594224214553833,
            -0.03486889228224754,
            -0.5129250884056091,
            0.2011757791042328,
            -0.37171798944473267,
            -0.12377913296222687
        ],
        [
            0.31378573179244995,
            -0.10966648906469345,
            -0.7344448566436768,
            0.28937989473342896,
            1.004034161567688,
            0.6112987995147705,
            -0.027445578947663307,
            0.34700268507003784,
            0.010063514113426208,
            -0.28977110981941223,
            -0.03131905198097229,
            -0.44988948106765747,
            0.1674353927373886,
            -0.3467906415462494,
            -0.06070678308606148
        ],
        [
            0.18017801642417908,
            -0.12611918151378632,
            -0.615064799785614,
            0.05577726662158966,
            0.7719101905822754,
            0.34937503933906555,
            -0.014443108811974525,
            0.36948442459106445,
            -0.07044395804405212,
            -0.3729211986064911,
            -0.029778247699141502,
            -0.4349798858165741,
            0.12534499168395996,
            -0.36089253425598145,
            -0.02455201745033264
        ],
        [
            0.10139147192239761,
            -0.08098104596138,
            -0.4909956157207489,
            0.03637699782848358,
            0.6935943961143494,
            0.303599089384079,
            -0.09402117133140564,
            0.4067575931549072,
            -0.1031535193324089,
            -0.393014520406723,
            -0.031193304806947708,
            -0.4580030143260956,
            0.07694774866104126,
            -0.43000075221061707,
            -0.043420568108558655
        ],
        [
            0.09945874661207199,
            0.06853094696998596,
            -0.36628302931785583,
            0.3226855993270874,
            0.8314464092254639,
            0.5652425289154053,
            -0.2967337667942047,
            0.46275049448013306,
            -0.07002081722021103,
            -0.31655046343803406,
            -0.036643512547016144,
            -0.5221191644668579,
            0.02355938032269478,
            -0.5711502432823181,
            -0.14358335733413696
        ],
        [
            0.20187991857528687,
            0.24045595526695251,
            -0.295785516500473,
            0.7717878818511963,
            1.1080983877182007,
            1.0007425546646118,
            -0.507419228553772,
            0.4897649884223938,
            0.02465212345123291,
            -0.15854385495185852,
            -0.04256979376077652,
            -0.5771479606628418,
            -0.009973238222301006,
            -0.7042548060417175,
            -0.27542269229888916
        ],
        [
            0.5137330293655396,
            0.3336613178253174,
            -0.30010172724723816,
            1.4057672023773193,
            1.5542486906051636,
            1.6375749111175537,
            -0.709801971912384,
            0.39608365297317505,
            0.30164381861686707,
            0.1524442583322525,
            -0.04667909815907478,
            -0.6628454327583313,
            -0.025240808725357056,
            -0.7880577445030212,
            -0.3837812542915344
        ],
        [
            0.8859164714813232,
            0.3268190324306488,
            -0.364816278219223,
            1.9314682483673096,
            1.903145432472229,
            2.1566994190216064,
            -0.8017062544822693,
            0.17862075567245483,
            0.6624909043312073,
            0.5402485132217407,
            -0.0448099784553051,
            -0.7056760191917419,
            -0.025439342483878136,
            -0.743626058101654,
            -0.40102002024650574
        ],
        [
            0.8093104362487793,
            0.2752203047275543,
            -0.5242312550544739,
            1.5903422832489014,
            1.5344061851501465,
            1.7652474641799927,
            -0.4290631413459778,
            0.053207773715257645,
            0.8001730442047119,
            0.7159479260444641,
            -0.03002936579287052,
            -0.3013923764228821,
            0.004075036384165287,
            -0.5053527355194092,
            -0.27570196986198425
        ],
        [
            0.5185957551002502,
            0.13992047309875488,
            -0.8523439764976501,
            0.7348853349685669,
            0.8225084543228149,
            0.8672174215316772,
            0.3514578342437744,
            -0.017674127593636513,
            0.7952882647514343,
            0.7297370433807373,
            -0.007825846783816814,
            0.44243118166923523,
            0.11439941078424454,
            -0.10621976852416992,
            -0.05963551625609398
        ],
        [
            0.35283955931663513,
            -0.036373455077409744,
            -0.985604465007782,
            0.1711505651473999,
            0.38412952423095703,
            0.28763145208358765,
            0.8661702871322632,
            -0.08825073391199112,
            0.6175103187561035,
            0.6445214152336121,
            0.0029995329678058624,
            0.8613264560699463,
            0.2182789295911789,
            0.2489251345396042,
            0.04402076452970505
        ],
        [
            0.2107347548007965,
            -0.09995180368423462,
            -1.028499960899353,
            -0.12458856403827667,
            0.1494596153497696,
            -0.03338394686579704,
            1.0609618425369263,
            -0.09919168800115585,
            0.44760024547576904,
            0.47125244140625,
            0.006963234394788742,
            0.9591615200042725,
            0.27732497453689575,
            0.4307953119277954,
            0.10488516837358475
        ],
        [
            0.14887666702270508,
            -0.12962840497493744,
            -1.103987693786621,
            -0.2687070369720459,
            0.031850527971982956,
            -0.17505744099617004,
            1.2049732208251953,
            -0.10686593502759933,
            0.40873491764068604,
            0.39247819781303406,
            0.010765938088297844,
            1.0270428657531738,
            0.3137742280960083,
            0.5350017547607422,
            0.16922901570796967
        ],
        [
            0.14467397332191467,
            -0.13512027263641357,
            -1.2319973707199097,
            -0.34850013256073,
            -0.02704949676990509,
            -0.2538679242134094,
            1.3673423528671265,
            -0.1347929686307907,
            0.5062092542648315,
            0.4129621982574463,
            0.01722889207303524,
            1.124308466911316,
            0.340776652097702,
            0.6270538568496704,
            0.26663464307785034
        ],
        [
            0.12169403582811356,
            -0.12994325160980225,
            -1.3459651470184326,
            -0.4262033998966217,
            -0.06343071907758713,
            -0.32520899176597595,
            1.4762004613876343,
            -0.13989530503749847,
            0.5743962526321411,
            0.3729345202445984,
            0.02167503722012043,
            1.1465989351272583,
            0.3638829290866852,
            0.6833983659744263,
            0.35996848344802856
        ],
        [
            0.15179097652435303,
            -0.17425428330898285,
            -1.433923363685608,
            -0.46795663237571716,
            -0.01551297027617693,
            -0.33771058917045593,
            1.47905433177948,
            -0.14825622737407684,
            0.5684323310852051,
            0.22800512611865997,
            0.021409006789326668,
            0.9720609188079834,
            0.40036818385124207,
            0.7224447131156921,
            0.439028263092041
        ]
    ]
}